 4188
 3050
 2434
 2050
 1864
 1719
 1617
 1579
 1541
 1533
 1522
 1514
 1503
 1494
 1490
 1488
 1480
 1480
 1477
 1475
 1475
 1471
 1470
 1466
 1465
 1465
 1465
 1465
 1465
 1465
 1463
 1463
 1463
 1459
 1459
 1459
 1459
 1459
 1455
 1454
 1454
 1454
 1454
 1454
 1454
 1454
 1454
 1454
 1454
 1454
 1454
 1454
 1454
 1454
 1454
 1454
 1454
 1454
 1454
 1454
 1454
 1454
 1454
 1454
 1454
 1454
 1454
 1454
 1454
 1454
 1454
 1454
 1454
 1454
 1454
 1454
 1454
 1454
 1454
 1454
 1454
 1454
 1454
 1454
 1454
 1454
 1454
 1454
 1454
 1454
 1454
 1454
 1454
 1454
 1454
 1454
 1454
 1454
 1454
 1454
